9 13 5 1
1 2 1
2 3 1
3 4 2
4 1 6
3 5 10
5 4 5
4 7 1
7 6 2
6 5 1
8 4 3
8 7 1
7 9 1
9 6 2
1 8
1 3
3 5
5 9
4 6
1 7

9 13
1 2 1
1 4 6
2 3 2
3 4 2
3 5 10
5 4 5
6 5 1
7 6 2
4 7 1
8 4 3
8 7 1
7 9 1
9 6 2
3 5




9 13 4 5
1 2 123453756678
2 3 123437565864
3 4 242535764587
4 1 665433754465
3 5 106456643656
5 4 546453654349
4 7 345656368944
7 6 252365436374
6 5 152336563455
8 4 343375486358
8 7 165346894449
7 9 123564368648
9 6 254468767875
1 3
3 5
5 9
4 6
1 7
